Rate	83.33
Tree Move	16.67
Rate Tried	% Accepted	Tree Move Tried	% Accepted	Rates - Dev	Rates - Tried	Rates - Accepted	Sample Ave Acceptance	Total Ave Acceptance	
810	0.270370	190	0.489474	1.997076	810	0.270370	0.312000	0.291246	
801	0.293383	199	0.487437	1.997076	801	0.293383	0.332000	0.294642	
813	0.233702	187	0.572193	1.997076	813	0.233702	0.297000	0.294823	
821	0.277710	179	0.513966	1.997076	821	0.277710	0.320000	0.296622	
849	0.268551	151	0.523179	1.997076	849	0.268551	0.307000	0.297314	
844	0.242891	156	0.538462	1.997076	844	0.242891	0.289000	0.296794	
848	0.268868	152	0.434211	1.997076	848	0.268868	0.294000	0.296630	
837	0.247312	163	0.478528	1.997076	837	0.247312	0.285000	0.295984	
818	0.253056	182	0.467033	1.997076	818	0.253056	0.292000	0.295774	
832	0.280048	168	0.404762	1.997076	832	0.280048	0.301000	0.296035	
813	0.273063	187	0.491979	1.997076	813	0.273063	0.314000	0.296891	
827	0.250302	173	0.549133	1.997076	827	0.250302	0.302000	0.297123	
798	0.239348	202	0.331683	1.997076	798	0.239348	0.258000	0.295422	
813	0.282903	187	0.422460	1.997076	813	0.282903	0.309000	0.295988	
824	0.270631	176	0.534091	1.997076	824	0.270631	0.317000	0.296828	
825	0.243636	175	0.485714	1.997076	825	0.243636	0.286000	0.296412	
830	0.242169	170	0.517647	1.997076	830	0.242169	0.289000	0.296137	
839	0.283671	161	0.447205	1.997076	839	0.283671	0.310000	0.296632	
824	0.254854	176	0.488636	1.997076	824	0.254854	0.296000	0.296610	
818	0.293399	182	0.423077	1.997076	818	0.293399	0.317000	0.297290	
826	0.230024	174	0.545977	1.997076	826	0.230024	0.285000	0.296894	
819	0.244200	181	0.469613	1.997076	819	0.244200	0.285000	0.296522	
823	0.223572	177	0.480226	1.997076	823	0.223572	0.269000	0.295688	
827	0.292624	173	0.560694	1.997076	827	0.292624	0.339000	0.296962	
837	0.253286	163	0.411043	1.997076	837	0.253286	0.279000	0.296449	
802	0.228180	198	0.449495	1.997076	802	0.228180	0.272000	0.295770	
823	0.261239	177	0.491525	1.997076	823	0.261239	0.302000	0.295938	
819	0.283272	181	0.519337	1.997076	819	0.283272	0.326000	0.296729	
827	0.267231	173	0.554913	1.997076	827	0.267231	0.317000	0.297249	
815	0.265031	185	0.459459	1.997076	815	0.265031	0.301000	0.297343	
817	0.237454	183	0.420765	1.997076	817	0.237454	0.271000	0.296700	
821	0.277710	179	0.508380	1.997076	821	0.277710	0.319000	0.297231	
839	0.246722	161	0.397516	1.997076	839	0.246722	0.271000	0.296621	
817	0.280294	183	0.409836	1.997076	817	0.280294	0.304000	0.296789	
820	0.247561	180	0.577778	1.997076	820	0.247561	0.307000	0.297016	
818	0.250611	182	0.417582	1.997076	818	0.250611	0.281000	0.296667	
841	0.269917	159	0.509434	1.997076	841	0.269917	0.308000	0.296909	
836	0.284689	164	0.506098	1.997076	836	0.284689	0.321000	0.297410	
829	0.275030	171	0.520468	1.997076	829	0.275030	0.317000	0.297810	
806	0.272953	194	0.381443	1.997076	806	0.272953	0.294000	0.297734	
814	0.239558	186	0.435484	1.997076	814	0.239558	0.276000	0.297308	
794	0.263224	206	0.504854	1.997076	794	0.263224	0.313000	0.297610	
815	0.283436	185	0.529730	1.997076	815	0.283436	0.329000	0.298202	
837	0.309438	163	0.447853	1.997076	837	0.309438	0.332000	0.298828	
837	0.270012	163	0.496933	1.997076	837	0.270012	0.307000	0.298976	
819	0.253968	181	0.392265	1.997076	819	0.253968	0.279000	0.298620	
826	0.249395	174	0.557471	1.997076	826	0.249395	0.303000	0.298697	
827	0.282950	173	0.554913	1.997076	827	0.282950	0.330000	0.299236	
825	0.231515	175	0.594286	1.997076	825	0.231515	0.295000	0.299164	
815	0.251534	185	0.497297	1.997076	815	0.251534	0.297000	0.299128	
834	0.247002	166	0.493976	1.997076	834	0.247002	0.288000	0.298946	
831	0.258724	169	0.461538	1.997076	831	0.258724	0.293000	0.298850	
844	0.259479	156	0.423077	1.997076	844	0.259479	0.285000	0.298630	
802	0.223192	198	0.489899	1.997076	802	0.223192	0.276000	0.298277	
820	0.289024	180	0.427778	1.997076	820	0.289024	0.314000	0.298518	
801	0.287141	199	0.376884	1.997076	801	0.287141	0.305000	0.298617	
814	0.270270	186	0.462366	1.997076	814	0.270270	0.306000	0.298727	
806	0.245658	194	0.432990	1.997076	806	0.245658	0.282000	0.298481	
811	0.230580	189	0.460317	1.997076	811	0.230580	0.274000	0.298126	
845	0.243787	155	0.522581	1.997076	845	0.243787	0.287000	0.297967	
837	0.265233	163	0.503067	1.997076	837	0.265233	0.304000	0.298052	
822	0.293187	178	0.477528	1.997076	822	0.293187	0.326000	0.298440	
840	0.285714	160	0.418750	1.997076	840	0.285714	0.307000	0.298558	
827	0.235792	173	0.595376	1.997076	827	0.235792	0.298000	0.298550	
816	0.236520	184	0.576087	1.997076	816	0.236520	0.299000	0.298556	
829	0.266586	171	0.508772	1.997076	829	0.266586	0.308000	0.298680	
837	0.268817	163	0.453988	1.997076	837	0.268817	0.299000	0.298684	
830	0.295181	170	0.541176	1.997076	830	0.295181	0.337000	0.299176	
837	0.254480	163	0.220859	1.997076	837	0.254480	0.249000	0.298541	
846	0.249409	154	0.467532	1.997076	846	0.249409	0.283000	0.298346	
800	0.263750	200	0.285000	1.997076	800	0.263750	0.268000	0.297972	
830	0.278313	170	0.588235	1.997076	830	0.278313	0.331000	0.298374	
831	0.219013	169	0.538462	1.997076	831	0.219013	0.273000	0.298069	
819	0.261294	181	0.475138	1.997076	819	0.261294	0.300000	0.298092	
838	0.242243	162	0.549383	1.997076	838	0.242243	0.292000	0.298020	
809	0.234858	191	0.507853	1.997076	809	0.234858	0.287000	0.297892	
827	0.262394	173	0.369942	1.997076	827	0.262394	0.281000	0.297698	
819	0.227106	181	0.469613	1.997076	819	0.227106	0.271000	0.297394	
811	0.281134	189	0.582011	1.997076	811	0.281134	0.338000	0.297851	
834	0.238609	166	0.475904	1.997076	834	0.238609	0.278000	0.297630	
835	0.273054	165	0.575758	1.997076	835	0.273054	0.323000	0.297909	
829	0.281062	171	0.543860	1.997076	829	0.281062	0.326000	0.298214	
832	0.281250	168	0.547619	1.997076	832	0.281250	0.326000	0.298513	
820	0.243902	180	0.500000	1.997076	820	0.243902	0.290000	0.298422	
831	0.237064	169	0.526627	1.997076	831	0.237064	0.286000	0.298292	
813	0.308733	187	0.427807	1.997076	813	0.308733	0.331000	0.298632	
828	0.219807	172	0.523256	1.997076	828	0.219807	0.272000	0.298358	
823	0.239368	177	0.480226	1.997076	823	0.239368	0.282000	0.298191	
828	0.229469	172	0.540698	1.997076	828	0.229469	0.283000	0.298037	
823	0.269745	177	0.480226	1.997076	823	0.269745	0.307000	0.298127	
816	0.279412	184	0.385870	1.997076	816	0.279412	0.299000	0.298136	
826	0.240920	174	0.517241	1.997076	826	0.240920	0.289000	0.298046	
838	0.270883	162	0.493827	1.997076	838	0.270883	0.307000	0.298133	
821	0.249695	179	0.446927	1.997076	821	0.249695	0.285000	0.298007	
833	0.262905	167	0.520958	1.997076	833	0.262905	0.306000	0.298083	
835	0.281437	165	0.509091	1.997076	835	0.281437	0.319000	0.298280	
836	0.230861	164	0.500000	1.997076	836	0.230861	0.275000	0.298063	
831	0.223827	169	0.461538	1.997076	831	0.223827	0.264000	0.297747	
793	0.252207	207	0.492754	1.997076	793	0.252207	0.302000	0.297786	
817	0.291310	183	0.535519	1.997076	817	0.291310	0.336000	0.298134	
843	0.255042	157	0.471338	1.997076	843	0.255042	0.289000	0.298051	
824	0.265777	176	0.579545	1.997076	824	0.265777	0.321000	0.298256	
799	0.282854	201	0.522388	1.997076	799	0.282854	0.331000	0.298546	
810	0.262963	190	0.442105	1.997076	810	0.262963	0.297000	0.298532	
817	0.285190	183	0.562842	1.997076	817	0.285190	0.336000	0.298858	
813	0.274293	187	0.491979	1.997076	813	0.274293	0.315000	0.298997	
802	0.261845	198	0.515152	1.997076	802	0.261845	0.312000	0.299109	
826	0.272397	174	0.448276	1.997076	826	0.272397	0.303000	0.299142	
832	0.254808	168	0.464286	1.997076	832	0.254808	0.290000	0.299065	
831	0.233454	169	0.615385	1.997076	831	0.233454	0.298000	0.299056	
840	0.255952	160	0.512500	1.997076	840	0.255952	0.297000	0.299039	
835	0.240719	165	0.375758	1.997076	835	0.240719	0.263000	0.298743	
840	0.253571	160	0.287500	1.997076	840	0.253571	0.259000	0.298420	
834	0.257794	166	0.566265	1.997076	834	0.257794	0.309000	0.298506	
822	0.242092	178	0.483146	1.997076	822	0.242092	0.285000	0.298398	
816	0.231618	184	0.527174	1.997076	816	0.231618	0.286000	0.298299	
843	0.284698	157	0.496815	1.997076	843	0.284698	0.318000	0.298454	
844	0.252370	156	0.564103	1.997076	844	0.252370	0.301000	0.298474	
842	0.296912	158	0.512658	1.997076	842	0.296912	0.331000	0.298726	
825	0.284848	175	0.542857	1.997076	825	0.284848	0.330000	0.298967	
834	0.270983	166	0.584337	1.997076	834	0.270983	0.323000	0.299150	
838	0.264916	162	0.432099	1.997076	838	0.264916	0.292000	0.299096	
850	0.256471	150	0.513333	1.997076	850	0.256471	0.295000	0.299065	
814	0.261671	186	0.478495	1.997076	814	0.261671	0.302000	0.299087	
835	0.285030	165	0.503030	1.997076	835	0.285030	0.321000	0.299250	
838	0.242243	162	0.518519	1.997076	838	0.242243	0.287000	0.299160	
835	0.220359	165	0.351515	1.997076	835	0.220359	0.242000	0.298742	
817	0.252142	183	0.546448	1.997076	817	0.252142	0.306000	0.298795	
812	0.286946	188	0.484043	1.997076	812	0.286946	0.324000	0.298976	
814	0.242015	186	0.559140	1.997076	814	0.242015	0.301000	0.298991	
835	0.262275	165	0.400000	1.997076	835	0.262275	0.285000	0.298891	
825	0.233939	175	0.514286	1.997076	825	0.233939	0.283000	0.298780	
830	0.244578	170	0.588235	1.997076	830	0.244578	0.303000	0.298809	
799	0.251564	201	0.442786	1.997076	799	0.251564	0.290000	0.298748	
836	0.208134	164	0.493902	1.997076	836	0.208134	0.255000	0.298446	
834	0.268585	166	0.481928	1.997076	834	0.268585	0.304000	0.298484	
840	0.223810	160	0.525000	1.997076	840	0.223810	0.272000	0.298304	
845	0.247337	155	0.380645	1.997076	845	0.247337	0.268000	0.298099	
847	0.284534	153	0.470588	1.997076	847	0.284534	0.313000	0.298199	
830	0.259036	170	0.364706	1.997076	830	0.259036	0.277000	0.298058	
844	0.266588	156	0.403846	1.997076	844	0.266588	0.288000	0.297991	
826	0.261501	174	0.431034	1.997076	826	0.261501	0.291000	0.297945	
829	0.235223	171	0.491228	1.997076	829	0.235223	0.279000	0.297822	
841	0.242568	159	0.471698	1.997076	841	0.242568	0.279000	0.297699	
816	0.267157	184	0.559783	1.997076	816	0.267157	0.321000	0.297850	
826	0.237288	174	0.396552	1.997076	826	0.237288	0.265000	0.297639	
829	0.306393	171	0.450292	1.997076	829	0.306393	0.331000	0.297852	
833	0.292917	167	0.508982	1.997076	833	0.292917	0.329000	0.298049	
833	0.272509	167	0.550898	1.997076	833	0.272509	0.319000	0.298181	
820	0.267073	180	0.494444	1.997076	820	0.267073	0.308000	0.298242	
824	0.250000	176	0.482955	1.997076	824	0.250000	0.291000	0.298197	
837	0.272401	163	0.411043	1.997076	837	0.272401	0.295000	0.298177	
815	0.263804	185	0.481081	1.997076	815	0.263804	0.304000	0.298213	
802	0.228180	198	0.510101	1.997076	802	0.228180	0.284000	0.298126	
838	0.284010	162	0.555556	1.997076	838	0.284010	0.328000	0.298307	
845	0.269822	155	0.393548	1.997076	845	0.269822	0.289000	0.298251	
830	0.283133	170	0.523529	1.997076	830	0.283133	0.324000	0.298405	
815	0.287117	185	0.502703	1.997076	815	0.287117	0.327000	0.298576	
835	0.263473	165	0.503030	1.997076	835	0.263473	0.303000	0.298602	
810	0.250617	190	0.505263	1.997076	810	0.250617	0.299000	0.298604	
836	0.287081	164	0.451220	1.997076	836	0.287081	0.314000	0.298694	
799	0.265332	201	0.313433	1.997076	799	0.265332	0.275000	0.298556	
816	0.224265	184	0.505435	1.997076	816	0.224265	0.276000	0.298426	
818	0.239609	182	0.538462	1.997076	818	0.239609	0.294000	0.298401	
827	0.252721	173	0.508671	1.997076	827	0.252721	0.297000	0.298393	
834	0.244604	166	0.506024	1.997076	834	0.244604	0.288000	0.298334	
798	0.295739	202	0.440594	1.997076	798	0.295739	0.325000	0.298484	
844	0.260664	156	0.500000	1.997076	844	0.260664	0.298000	0.298481	
839	0.269368	161	0.465839	1.997076	839	0.269368	0.301000	0.298496	
822	0.248175	178	0.505618	1.997076	822	0.248175	0.294000	0.298471	
800	0.277500	200	0.445000	1.997076	800	0.277500	0.311000	0.298540	
816	0.236520	184	0.516304	1.997076	816	0.236520	0.288000	0.298482	
827	0.299879	173	0.410405	1.997076	827	0.299879	0.319000	0.298594	
797	0.245922	203	0.517241	1.997076	797	0.245922	0.301000	0.298607	
816	0.278186	184	0.407609	1.997076	816	0.278186	0.302000	0.298625	
829	0.265380	171	0.467836	1.997076	829	0.265380	0.300000	0.298633	
827	0.298670	173	0.514451	1.997076	827	0.298670	0.336000	0.298833	
833	0.229292	167	0.485030	1.997076	833	0.229292	0.272000	0.298690	
815	0.249080	185	0.529730	1.997076	815	0.249080	0.301000	0.298702	
823	0.246659	177	0.644068	1.997076	823	0.246659	0.317000	0.298798	
838	0.262530	162	0.296296	1.997076	838	0.262530	0.268000	0.298637	
845	0.227219	155	0.548387	1.997076	845	0.227219	0.277000	0.298524	
830	0.240964	170	0.535294	1.997076	830	0.240964	0.291000	0.298486	
845	0.250888	155	0.451613	1.997076	845	0.250888	0.282000	0.298401	
830	0.274699	170	0.452941	1.997076	830	0.274699	0.305000	0.298434	
843	0.245552	157	0.439490	1.997076	843	0.245552	0.276000	0.298320	
814	0.260442	186	0.413978	1.997076	814	0.260442	0.289000	0.298273	
821	0.291108	179	0.497207	1.997076	821	0.291108	0.328000	0.298423	
822	0.283455	178	0.308989	1.997076	822	0.283455	0.288000	0.298370	
845	0.235503	155	0.438710	1.997076	845	0.235503	0.267000	0.298214	
852	0.276995	148	0.567568	1.997076	852	0.276995	0.320000	0.298322	
837	0.295102	163	0.588957	1.997076	837	0.295102	0.343000	0.298543	
831	0.283995	169	0.532544	1.997076	831	0.283995	0.326000	0.298678	
836	0.240431	164	0.579268	1.997076	836	0.240431	0.296000	0.298665	
845	0.255621	155	0.412903	1.997076	845	0.255621	0.280000	0.298574	
828	0.287440	172	0.482558	1.997076	828	0.287440	0.321000	0.298683	
817	0.268054	183	0.475410	1.997076	817	0.268054	0.306000	0.298718	
820	0.239024	180	0.511111	1.997076	820	0.239024	0.288000	0.298667	
803	0.262765	197	0.517766	1.997076	803	0.262765	0.313000	0.298735	
809	0.291718	191	0.366492	1.997076	809	0.291718	0.306000	0.298770	
833	0.272509	167	0.526946	1.997076	833	0.272509	0.315000	0.298847	
827	0.227328	173	0.606936	1.997076	827	0.227328	0.293000	0.298819	
809	0.292954	191	0.518325	1.997076	809	0.292954	0.336000	0.298994	
821	0.280146	179	0.486034	1.997076	821	0.280146	0.317000	0.299078	
823	0.278250	177	0.468927	1.997076	823	0.278250	0.312000	0.299138	
816	0.295343	184	0.336957	1.997076	816	0.295343	0.303000	0.299156	
804	0.269900	196	0.428571	1.997076	804	0.269900	0.301000	0.299165	
825	0.226667	175	0.502857	1.997076	825	0.226667	0.275000	0.299054	
824	0.257282	176	0.471591	1.997076	824	0.257282	0.295000	0.299035	
837	0.287933	163	0.546012	1.997076	837	0.287933	0.330000	0.299176	
827	0.269649	173	0.514451	1.997076	827	0.269649	0.312000	0.299234	
824	0.274272	176	0.454545	1.997076	824	0.274272	0.306000	0.299264	
821	0.258222	179	0.541899	1.997076	821	0.258222	0.309000	0.299308	
829	0.281062	171	0.497076	1.997076	829	0.281062	0.318000	0.299392	
836	0.250000	164	0.426829	1.997076	836	0.250000	0.279000	0.299301	
795	0.289308	205	0.497561	1.997076	795	0.289308	0.332000	0.299446	
849	0.248528	151	0.562914	1.997076	849	0.248528	0.296000	0.299430	
846	0.251773	154	0.590909	1.997076	846	0.251773	0.304000	0.299450	
841	0.266350	159	0.421384	1.997076	841	0.266350	0.291000	0.299414	
819	0.249084	181	0.486188	1.997076	819	0.249084	0.292000	0.299381	
827	0.235792	173	0.421965	1.997076	827	0.235792	0.268000	0.299245	
812	0.264778	188	0.515957	1.997076	812	0.264778	0.312000	0.299300	
836	0.238038	164	0.579268	1.997076	836	0.238038	0.294000	0.299278	
801	0.288390	199	0.462312	1.997076	801	0.288390	0.323000	0.299379	
834	0.263789	166	0.560241	1.997076	834	0.263789	0.313000	0.299437	
808	0.243812	192	0.411458	1.997076	808	0.243812	0.276000	0.299338	
827	0.280532	173	0.554913	1.997076	827	0.280532	0.328000	0.299459	
834	0.261391	166	0.530120	1.997076	834	0.261391	0.306000	0.299486	
844	0.298578	156	0.423077	1.997076	844	0.298578	0.318000	0.299564	
827	0.257557	173	0.578035	1.997076	827	0.257557	0.313000	0.299620	
847	0.276269	153	0.549020	1.997076	847	0.276269	0.318000	0.299696	
848	0.292453	152	0.611842	1.997076	848	0.292453	0.341000	0.299867	
826	0.280872	174	0.557471	1.997076	826	0.280872	0.329000	0.299986	
798	0.285714	202	0.386139	1.997076	798	0.285714	0.306000	0.300011	
832	0.274038	168	0.410714	1.997076	832	0.274038	0.297000	0.299999	
808	0.247525	192	0.494792	1.997076	808	0.247525	0.295000	0.299978	
817	0.253366	183	0.426230	1.997076	817	0.253366	0.285000	0.299918	
833	0.249700	167	0.514970	1.997076	833	0.249700	0.294000	0.299894	
816	0.290441	184	0.429348	1.997076	816	0.290441	0.316000	0.299959	
823	0.246659	177	0.350282	1.997076	823	0.246659	0.265000	0.299819	
831	0.298436	169	0.556213	1.997076	831	0.298436	0.342000	0.299987	
833	0.268908	167	0.467066	1.997076	833	0.268908	0.302000	0.299995	
860	0.272093	140	0.471429	1.997076	860	0.272093	0.300000	0.299995	
844	0.250000	156	0.487179	1.997076	844	0.250000	0.287000	0.299944	
824	0.257282	176	0.494318	1.997076	824	0.257282	0.299000	0.299940	
799	0.259074	201	0.562189	1.997076	799	0.259074	0.320000	0.300018	
825	0.263030	175	0.548571	1.997076	825	0.263030	0.313000	0.300069	
828	0.307971	172	0.401163	1.997076	828	0.307971	0.324000	0.300162	
810	0.288889	190	0.557895	1.997076	810	0.288889	0.340000	0.300315	
825	0.264242	175	0.542857	1.997076	825	0.264242	0.313000	0.300364	
829	0.275030	171	0.514620	1.997076	829	0.275030	0.316000	0.300424	
829	0.260555	171	0.444444	1.997076	829	0.260555	0.292000	0.300392	
837	0.252091	163	0.453988	1.997076	837	0.252091	0.285000	0.300333	
823	0.260024	177	0.418079	1.997076	823	0.260024	0.288000	0.300287	
807	0.262701	193	0.528497	1.997076	807	0.262701	0.314000	0.300338	
841	0.271106	159	0.540881	1.997076	841	0.271106	0.314000	0.300390	
812	0.275862	188	0.574468	1.997076	812	0.275862	0.332000	0.300508	
823	0.292831	177	0.536723	1.997076	823	0.292831	0.336000	0.300641	
837	0.246117	163	0.398773	1.997076	837	0.246117	0.271000	0.300530	
824	0.245146	176	0.426136	1.997076	824	0.245146	0.277000	0.300443	
814	0.233415	186	0.500000	1.997076	814	0.233415	0.283000	0.300379	
847	0.226682	153	0.490196	1.997076	847	0.226682	0.267000	0.300256	
844	0.253555	156	0.429487	1.997076	844	0.253555	0.281000	0.300186	
820	0.274390	180	0.455556	1.997076	820	0.274390	0.307000	0.300211	
820	0.262195	180	0.605556	1.997076	820	0.262195	0.324000	0.300297	
841	0.237812	159	0.522013	1.997076	841	0.237812	0.283000	0.300234	
858	0.256410	142	0.394366	1.997076	858	0.256410	0.276000	0.300147	
831	0.265945	169	0.384615	1.997076	831	0.265945	0.286000	0.300096	
836	0.261962	164	0.481707	1.997076	836	0.261962	0.298000	0.300089	
815	0.276074	185	0.356757	1.997076	815	0.276074	0.291000	0.300056	
807	0.262701	193	0.512953	1.997076	807	0.262701	0.311000	0.300095	
829	0.271411	171	0.456140	1.997076	829	0.271411	0.303000	0.300105	
831	0.245487	169	0.437870	1.997076	831	0.245487	0.278000	0.300027	
830	0.260241	170	0.547059	1.997076	830	0.260241	0.309000	0.300059	
837	0.249701	163	0.392638	1.997076	837	0.249701	0.273000	0.299964	
806	0.270471	194	0.479381	1.997076	806	0.270471	0.311000	0.300002	
815	0.247853	185	0.529730	1.997076	815	0.247853	0.300000	0.300002	
839	0.276520	161	0.496894	1.997076	839	0.276520	0.312000	0.300044	
811	0.249075	189	0.423280	1.997076	811	0.249075	0.282000	0.299982	
811	0.268804	189	0.481481	1.997076	811	0.268804	0.309000	0.300013	
838	0.278043	162	0.543210	1.997076	838	0.278043	0.321000	0.300085	
829	0.267793	171	0.438596	1.997076	829	0.267793	0.297000	0.300074	
823	0.273390	177	0.531073	1.997076	823	0.273390	0.319000	0.300139	
815	0.256442	185	0.551351	1.997076	815	0.256442	0.311000	0.300176	
820	0.221951	180	0.516667	1.997076	820	0.221951	0.275000	0.300091	
823	0.270960	177	0.531073	1.997076	823	0.270960	0.317000	0.300148	
826	0.286925	174	0.522989	1.997076	826	0.286925	0.328000	0.300241	
833	0.236495	167	0.455090	1.997076	833	0.236495	0.273000	0.300150	
816	0.253676	184	0.532609	1.997076	816	0.253676	0.305000	0.300166	
807	0.261462	193	0.518135	1.997076	807	0.261462	0.311000	0.300202	
826	0.262712	174	0.488506	1.997076	826	0.262712	0.302000	0.300208	
807	0.276332	193	0.523316	1.997076	807	0.276332	0.324000	0.300287	
844	0.257109	156	0.467949	1.997076	844	0.257109	0.290000	0.300253	
832	0.266827	168	0.553571	1.997076	832	0.266827	0.315000	0.300302	
807	0.292441	193	0.455959	1.997076	807	0.292441	0.324000	0.300379	
817	0.274174	183	0.480874	1.997076	817	0.274174	0.312000	0.300417	
840	0.235714	160	0.562500	1.997076	840	0.235714	0.288000	0.300377	
819	0.258852	181	0.508287	1.997076	819	0.258852	0.304000	0.300389	
821	0.214373	179	0.474860	1.997076	821	0.214373	0.261000	0.300261	
821	0.276492	179	0.519553	1.997076	821	0.276492	0.320000	0.300325	
821	0.291108	179	0.575419	1.997076	821	0.291108	0.342000	0.300459	
843	0.287070	157	0.484076	1.997076	843	0.287070	0.318000	0.300515	
821	0.249695	179	0.474860	1.997076	821	0.249695	0.290000	0.300481	
814	0.250614	186	0.510753	1.997076	814	0.250614	0.299000	0.300477	
814	0.315725	186	0.602151	1.997076	814	0.315725	0.369000	0.300694	
812	0.280788	188	0.526596	1.997076	812	0.280788	0.327000	0.300778	
825	0.265455	175	0.422857	1.997076	825	0.265455	0.293000	0.300753	
842	0.277910	158	0.468354	1.997076	842	0.277910	0.308000	0.300776	
829	0.273824	171	0.538012	1.997076	829	0.273824	0.319000	0.300833	
824	0.256068	176	0.460227	1.997076	824	0.256068	0.292000	0.300805	
848	0.258255	152	0.473684	1.997076	848	0.258255	0.291000	0.300775	
831	0.258724	169	0.550296	1.997076	831	0.258724	0.308000	0.300797	
821	0.266748	179	0.497207	1.997076	821	0.266748	0.308000	0.300820	
820	0.264634	180	0.411111	1.997076	820	0.264634	0.291000	0.300789	
822	0.271290	178	0.505618	1.997076	822	0.271290	0.313000	0.300827	
811	0.270037	189	0.449735	1.997076	811	0.270037	0.304000	0.300837	
829	0.268999	171	0.391813	1.997076	829	0.268999	0.290000	0.300803	
828	0.253623	172	0.523256	1.997076	828	0.253623	0.300000	0.300801	
819	0.304029	181	0.447514	1.997076	819	0.304029	0.330000	0.300890	
855	0.231579	145	0.372414	1.997076	855	0.231579	0.252000	0.300742	
837	0.242533	163	0.552147	1.997076	837	0.242533	0.293000	0.300718	
827	0.244256	173	0.410405	1.997076	827	0.244256	0.273000	0.300635	
807	0.226766	193	0.601036	1.997076	807	0.226766	0.299000	0.300630	
824	0.240291	176	0.443182	1.997076	824	0.240291	0.276000	0.300556	
823	0.230863	177	0.440678	1.997076	823	0.230863	0.268000	0.300459	
842	0.263658	158	0.537975	1.997076	842	0.263658	0.307000	0.300478	
835	0.270659	165	0.575758	1.997076	835	0.270659	0.321000	0.300539	
841	0.248514	159	0.452830	1.997076	841	0.248514	0.281000	0.300481	
830	0.231325	170	0.341176	1.997076	830	0.231325	0.250000	0.300332	
822	0.221411	178	0.460674	1.997076	822	0.221411	0.264000	0.300226	
825	0.284848	175	0.520000	1.997076	825	0.284848	0.326000	0.300301	
820	0.291463	180	0.505556	1.997076	820	0.291463	0.330000	0.300388	
833	0.250900	167	0.514970	1.997076	833	0.250900	0.295000	0.300372	
822	0.278589	178	0.471910	1.997076	822	0.278589	0.313000	0.300409	
818	0.227384	182	0.489011	1.997076	818	0.227384	0.275000	0.300335	
832	0.275240	168	0.458333	1.997076	832	0.275240	0.306000	0.300352	
820	0.247561	180	0.472222	1.997076	820	0.247561	0.288000	0.300316	
830	0.286747	170	0.505882	1.997076	830	0.286747	0.324000	0.300384	
844	0.238152	156	0.576923	1.997076	844	0.238152	0.291000	0.300357	
789	0.285171	211	0.578199	1.997076	789	0.285171	0.347000	0.300491	
835	0.274251	165	0.418182	1.997076	835	0.274251	0.298000	0.300483	
830	0.281928	170	0.458824	1.997076	830	0.281928	0.312000	0.300516	
843	0.275208	157	0.433121	1.997076	843	0.275208	0.300000	0.300515	
817	0.230110	183	0.382514	1.997076	817	0.230110	0.258000	0.300395	
822	0.268856	178	0.584270	1.997076	822	0.268856	0.325000	0.300464	
810	0.214815	190	0.505263	1.997076	810	0.214815	0.270000	0.300378	
821	0.264312	179	0.508380	1.997076	821	0.264312	0.308000	0.300400	
837	0.271207	163	0.546012	1.997076	837	0.271207	0.316000	0.300443	
827	0.245466	173	0.502890	1.997076	827	0.245466	0.290000	0.300414	
866	0.287529	134	0.373134	1.997076	866	0.287529	0.299000	0.300410	
835	0.280240	165	0.496970	1.997076	835	0.280240	0.316000	0.300453	
823	0.278250	177	0.508475	1.997076	823	0.278250	0.319000	0.300505	
804	0.268657	196	0.479592	1.997076	804	0.268657	0.310000	0.300531	
821	0.236297	179	0.418994	1.997076	821	0.236297	0.269000	0.300444	
832	0.251202	168	0.482143	1.997076	832	0.251202	0.290000	0.300416	
833	0.252101	167	0.532934	1.997076	833	0.252101	0.299000	0.300412	
816	0.258578	184	0.451087	1.997076	816	0.258578	0.294000	0.300394	
825	0.250909	175	0.468571	1.997076	825	0.250909	0.289000	0.300363	
820	0.253659	180	0.483333	1.997076	820	0.253659	0.295000	0.300349	
854	0.256440	146	0.575342	1.997076	854	0.256440	0.303000	0.300356	
846	0.267139	154	0.370130	1.997076	846	0.267139	0.283000	0.300309	
836	0.258373	164	0.567073	1.997076	836	0.258373	0.309000	0.300333	
806	0.297767	194	0.530928	1.997076	806	0.297767	0.343000	0.300447	
821	0.277710	179	0.446927	1.997076	821	0.277710	0.308000	0.300467	
818	0.243276	182	0.532967	1.997076	818	0.243276	0.296000	0.300455	
807	0.270136	193	0.409326	1.997076	807	0.270136	0.297000	0.300446	
803	0.234122	197	0.406091	1.997076	803	0.234122	0.268000	0.300360	
837	0.295102	163	0.435583	1.997076	837	0.295102	0.318000	0.300407	
823	0.273390	177	0.463277	1.997076	823	0.273390	0.307000	0.300424	
825	0.231515	175	0.525714	1.997076	825	0.231515	0.283000	0.300378	
830	0.277108	170	0.429412	1.997076	830	0.277108	0.303000	0.300385	
813	0.249692	187	0.502674	1.997076	813	0.249692	0.297000	0.300376	
831	0.247894	169	0.360947	1.997076	831	0.247894	0.267000	0.300289	
840	0.241667	160	0.437500	1.997076	840	0.241667	0.273000	0.300218	
844	0.260664	156	0.557692	1.997076	844	0.260664	0.307000	0.300236	
834	0.302158	166	0.469880	1.997076	834	0.302158	0.330000	0.300313	
820	0.269512	180	0.400000	1.997076	820	0.269512	0.293000	0.300294	
833	0.262905	167	0.431138	1.997076	833	0.262905	0.291000	0.300270	
815	0.239264	185	0.491892	1.997076	815	0.239264	0.286000	0.300233	
799	0.264080	201	0.348259	1.997076	799	0.264080	0.281000	0.300184	
835	0.250299	165	0.666667	1.997076	835	0.250299	0.319000	0.300232	
817	0.271726	183	0.382514	1.997076	817	0.271726	0.292000	0.300211	
833	0.268908	167	0.377246	1.997076	833	0.268908	0.287000	0.300177	
842	0.311164	158	0.449367	1.997076	842	0.311164	0.333000	0.300261	
853	0.254396	147	0.523810	1.997076	853	0.254396	0.294000	0.300245	
822	0.254258	178	0.494382	1.997076	822	0.254258	0.297000	0.300237	
817	0.235006	183	0.437158	1.997076	817	0.235006	0.272000	0.300165	
808	0.287129	192	0.531250	1.997076	808	0.287129	0.334000	0.300251	
836	0.275120	164	0.432927	1.997076	836	0.275120	0.301000	0.300252	
840	0.291667	160	0.593750	1.997076	840	0.291667	0.340000	0.300352	
797	0.255960	203	0.438424	1.997076	797	0.255960	0.293000	0.300333	
831	0.243081	169	0.408284	1.997076	831	0.243081	0.271000	0.300260	
824	0.233010	176	0.380682	1.997076	824	0.233010	0.259000	0.300158	
848	0.222877	152	0.572368	1.997076	848	0.222877	0.276000	0.300098	
834	0.241007	166	0.469880	1.997076	834	0.241007	0.279000	0.300046	
827	0.275695	173	0.450867	1.997076	827	0.275695	0.306000	0.300061	
810	0.260494	190	0.505263	1.997076	810	0.260494	0.307000	0.300078	
817	0.257038	183	0.475410	1.997076	817	0.257038	0.297000	0.300070	
822	0.281022	178	0.466292	1.997076	822	0.281022	0.314000	0.300104	
821	0.264312	179	0.530726	1.997076	821	0.264312	0.312000	0.300133	
813	0.314883	187	0.368984	1.997076	813	0.314883	0.325000	0.300194	
823	0.268530	177	0.548023	1.997076	823	0.268530	0.318000	0.300237	
831	0.245487	169	0.408284	1.997076	831	0.245487	0.273000	0.300171	
827	0.263603	173	0.341040	1.997076	827	0.263603	0.277000	0.300115	
837	0.272401	163	0.576687	1.997076	837	0.272401	0.322000	0.300168	
816	0.269608	184	0.478261	1.997076	816	0.269608	0.308000	0.300187	
837	0.255675	163	0.558282	1.997076	837	0.255675	0.305000	0.300198	
832	0.263221	168	0.464286	1.997076	832	0.263221	0.297000	0.300191	
797	0.254705	203	0.522167	1.997076	797	0.254705	0.309000	0.300212	
809	0.273177	191	0.429319	1.997076	809	0.273177	0.303000	0.300218	
834	0.217026	166	0.487952	1.997076	834	0.217026	0.262000	0.300128	
812	0.275862	188	0.468085	1.997076	812	0.275862	0.312000	0.300156	
836	0.251196	164	0.487805	1.997076	836	0.251196	0.290000	0.300132	
841	0.269917	159	0.490566	1.997076	841	0.269917	0.305000	0.300143	
825	0.263030	175	0.560000	1.997076	825	0.263030	0.315000	0.300178	
826	0.268765	174	0.442529	1.997076	826	0.268765	0.299000	0.300175	
844	0.270142	156	0.448718	1.997076	844	0.270142	0.298000	0.300170	
843	0.238434	157	0.433121	1.997076	843	0.238434	0.269000	0.300097	
826	0.282082	174	0.482759	1.997076	826	0.282082	0.317000	0.300137	
815	0.294479	185	0.481081	1.997076	815	0.294479	0.329000	0.300204	
829	0.250905	171	0.368421	1.997076	829	0.250905	0.271000	0.300136	
842	0.286223	158	0.430380	1.997076	842	0.286223	0.309000	0.300157	
815	0.268712	185	0.513514	1.997076	815	0.268712	0.314000	0.300189	
831	0.208183	169	0.420118	1.997076	831	0.208183	0.244000	0.300059	
826	0.243341	174	0.643678	1.997076	826	0.243341	0.313000	0.300089	
842	0.270784	158	0.455696	1.997076	842	0.270784	0.300000	0.300089	
825	0.269091	175	0.485714	1.997076	825	0.269091	0.307000	0.300105	
824	0.268204	176	0.357955	1.997076	824	0.268204	0.284000	0.300068	
843	0.262159	157	0.484076	1.997076	843	0.262159	0.297000	0.300061	
833	0.248499	167	0.461078	1.997076	833	0.248499	0.284000	0.300024	
838	0.298329	162	0.487654	1.997076	838	0.298329	0.329000	0.300090	
849	0.240283	151	0.450331	1.997076	849	0.240283	0.272000	0.300026	
812	0.250000	188	0.468085	1.997076	812	0.250000	0.291000	0.300006	
811	0.240444	189	0.444444	1.997076	811	0.240444	0.279000	0.299959	
833	0.248499	167	0.592814	1.997076	833	0.248499	0.306000	0.299972	
817	0.282742	183	0.469945	1.997076	817	0.282742	0.317000	0.300011	
836	0.279904	164	0.408537	1.997076	836	0.279904	0.301000	0.300013	
834	0.274580	166	0.391566	1.997076	834	0.274580	0.294000	0.299999	
839	0.296782	161	0.478261	1.997076	839	0.296782	0.326000	0.300057	
842	0.248219	158	0.531646	1.997076	842	0.248219	0.293000	0.300042	
810	0.230864	190	0.610526	1.997076	810	0.230864	0.303000	0.300048	
818	0.267726	182	0.483516	1.997076	818	0.267726	0.307000	0.300063	
819	0.246642	181	0.475138	1.997076	819	0.246642	0.288000	0.300037	
840	0.277381	160	0.462500	1.997076	840	0.277381	0.307000	0.300052	
823	0.252734	177	0.559322	1.997076	823	0.252734	0.307000	0.300067	
816	0.243873	184	0.391304	1.997076	816	0.243873	0.271000	0.300004	
803	0.239103	197	0.451777	1.997076	803	0.239103	0.281000	0.299962	
816	0.291667	184	0.516304	1.997076	816	0.291667	0.333000	0.300034	
814	0.238329	186	0.548387	1.997076	814	0.238329	0.296000	0.300025	
820	0.252439	180	0.483333	1.997076	820	0.252439	0.294000	0.300012	
829	0.265380	171	0.444444	1.997076	829	0.265380	0.296000	0.300004	
819	0.262515	181	0.524862	1.997076	819	0.262515	0.310000	0.300025	
837	0.237754	163	0.613497	1.997076	837	0.237754	0.299000	0.300023	
829	0.267793	171	0.450292	1.997076	829	0.267793	0.299000	0.300021	
822	0.206813	178	0.561798	1.997076	822	0.206813	0.270000	0.299956	
824	0.273058	176	0.443182	1.997076	824	0.273058	0.303000	0.299963	
832	0.216346	168	0.571429	1.997076	832	0.216346	0.276000	0.299912	
816	0.262255	184	0.461957	1.997076	816	0.262255	0.299000	0.299910	
829	0.294331	171	0.520468	1.997076	829	0.294331	0.333000	0.299980	
835	0.270659	165	0.430303	1.997076	835	0.270659	0.297000	0.299974	
842	0.238717	158	0.500000	1.997076	842	0.238717	0.280000	0.299931	
829	0.273824	171	0.520468	1.997076	829	0.273824	0.316000	0.299965	
837	0.260454	163	0.527607	1.997076	837	0.260454	0.304000	0.299974	
829	0.295537	171	0.456140	1.997076	829	0.295537	0.323000	0.300023	
810	0.264198	190	0.536842	1.997076	810	0.264198	0.316000	0.300056	
816	0.240196	184	0.543478	1.997076	816	0.240196	0.296000	0.300048	
834	0.263789	166	0.409639	1.997076	834	0.263789	0.288000	0.300022	
821	0.261876	179	0.608939	1.997076	821	0.261876	0.324000	0.300073	
824	0.218447	176	0.488636	1.997076	824	0.218447	0.266000	0.300001	
848	0.264151	152	0.552632	1.997076	848	0.264151	0.308000	0.300018	
819	0.244200	181	0.331492	1.997076	819	0.244200	0.260000	0.299935	
810	0.274074	190	0.473684	1.997076	810	0.274074	0.312000	0.299960	
826	0.273608	174	0.505747	1.997076	826	0.273608	0.314000	0.299989	
833	0.273709	167	0.514970	1.997076	833	0.273709	0.314000	0.300018	
808	0.250000	192	0.578125	1.997076	808	0.250000	0.313000	0.300045	
837	0.234170	163	0.546012	1.997076	837	0.234170	0.285000	0.300014	
855	0.265497	145	0.510345	1.997076	855	0.265497	0.301000	0.300016	
823	0.247874	177	0.446328	1.997076	823	0.247874	0.283000	0.299981	
820	0.276829	180	0.405556	1.997076	820	0.276829	0.300000	0.299981	
835	0.273054	165	0.430303	1.997076	835	0.273054	0.299000	0.299979	
824	0.248786	176	0.448864	1.997076	824	0.248786	0.284000	0.299946	
836	0.239234	164	0.567073	1.997076	836	0.239234	0.293000	0.299932	
822	0.281022	178	0.455056	1.997076	822	0.281022	0.312000	0.299957	
810	0.246914	190	0.478947	1.997076	810	0.246914	0.291000	0.299939	
817	0.233782	183	0.540984	1.997076	817	0.233782	0.290000	0.299919	
811	0.233046	189	0.497354	1.997076	811	0.233046	0.283000	0.299884	
839	0.253874	161	0.447205	1.997076	839	0.253874	0.285000	0.299855	
829	0.264174	171	0.543860	1.997076	829	0.264174	0.312000	0.299879	
840	0.275000	160	0.493750	1.997076	840	0.275000	0.310000	0.299899	
839	0.274136	161	0.571429	1.997076	839	0.274136	0.322000	0.299943	
835	0.293413	165	0.490909	1.997076	835	0.293413	0.326000	0.299995	
818	0.240831	182	0.505495	1.997076	818	0.240831	0.289000	0.299974	
811	0.266338	189	0.603175	1.997076	811	0.266338	0.330000	0.300033	
801	0.270911	199	0.356784	1.997076	801	0.270911	0.288000	0.300009	
827	0.220073	173	0.601156	1.997076	827	0.220073	0.286000	0.299982	
823	0.208991	177	0.525424	1.997076	823	0.208991	0.265000	0.299912	
816	0.224265	184	0.559783	1.997076	816	0.224265	0.286000	0.299885	
810	0.258025	190	0.484211	1.997076	810	0.258025	0.301000	0.299887	
835	0.241916	165	0.503030	1.997076	835	0.241916	0.285000	0.299858	
808	0.256188	192	0.604167	1.997076	808	0.256188	0.323000	0.299903	
818	0.281174	182	0.423077	1.997076	818	0.281174	0.307000	0.299917	
836	0.301435	164	0.548780	1.997076	836	0.301435	0.342000	0.299999	
830	0.232530	170	0.523529	1.997076	830	0.232530	0.282000	0.299964	
793	0.269861	207	0.541063	1.997076	793	0.269861	0.326000	0.300015	
831	0.280385	169	0.461538	1.997076	831	0.280385	0.311000	0.300036	
859	0.271246	141	0.404255	1.997076	859	0.271246	0.290000	0.300017	
820	0.258537	180	0.600000	1.997076	820	0.258537	0.320000	0.300056	
810	0.244444	190	0.405263	1.997076	810	0.244444	0.275000	0.300007	
824	0.236650	176	0.426136	1.997076	824	0.236650	0.270000	0.299949	
806	0.275434	194	0.365979	1.997076	806	0.275434	0.293000	0.299936	
846	0.244681	154	0.525974	1.997076	846	0.244681	0.288000	0.299913	
825	0.258182	175	0.371429	1.997076	825	0.258182	0.278000	0.299871	
821	0.261876	179	0.474860	1.997076	821	0.261876	0.300000	0.299871	
844	0.285545	156	0.525641	1.997076	844	0.285545	0.323000	0.299915	
815	0.272393	185	0.481081	1.997076	815	0.272393	0.311000	0.299937	
812	0.289409	188	0.441489	1.997076	812	0.289409	0.318000	0.299971	
827	0.266022	173	0.520231	1.997076	827	0.266022	0.310000	0.299990	
812	0.247537	188	0.505319	1.997076	812	0.247537	0.296000	0.299982	
818	0.288509	182	0.483516	1.997076	818	0.288509	0.324000	0.300028	
835	0.270659	165	0.436364	1.997076	835	0.270659	0.298000	0.300024	
829	0.262967	171	0.309942	1.997076	829	0.262967	0.271000	0.299969	
835	0.274251	165	0.484848	1.997076	835	0.274251	0.309000	0.299986	
789	0.266160	211	0.545024	1.997076	789	0.266160	0.325000	0.300033	
844	0.277251	156	0.455128	1.997076	844	0.277251	0.305000	0.300043	
806	0.251861	194	0.463918	1.997076	806	0.251861	0.293000	0.300029	
819	0.245421	181	0.486188	1.997076	819	0.245421	0.289000	0.300009	
836	0.291866	164	0.451220	1.997076	836	0.291866	0.318000	0.300042	
809	0.299135	191	0.361257	1.997076	809	0.299135	0.311000	0.300063	
826	0.225182	174	0.477011	1.997076	826	0.225182	0.269000	0.300005	
811	0.255240	189	0.386243	1.997076	811	0.255240	0.280000	0.299968	
837	0.262843	163	0.411043	1.997076	837	0.262843	0.287000	0.299944	
807	0.252788	193	0.512953	1.997076	807	0.252788	0.303000	0.299950	
809	0.241038	191	0.497382	1.997076	809	0.241038	0.290000	0.299931	
823	0.280680	177	0.485876	1.997076	823	0.280680	0.317000	0.299963	
838	0.248210	162	0.586420	1.997076	838	0.248210	0.303000	0.299968	
809	0.247219	191	0.528796	1.997076	809	0.247219	0.301000	0.299970	
822	0.274939	178	0.516854	1.997076	822	0.274939	0.318000	0.300003	
809	0.269468	191	0.434555	1.997076	809	0.269468	0.301000	0.300005	
857	0.264877	143	0.377622	1.997076	857	0.264877	0.281000	0.299970	
823	0.263670	177	0.468927	1.997076	823	0.263670	0.300000	0.299970	
816	0.273284	184	0.391304	1.997076	816	0.273284	0.295000	0.299961	
823	0.270960	177	0.480226	1.997076	823	0.270960	0.308000	0.299976	
832	0.250000	168	0.583333	1.997076	832	0.250000	0.306000	0.299987	
831	0.275572	169	0.491124	1.997076	831	0.275572	0.312000	0.300008	
825	0.271515	175	0.582857	1.997076	825	0.271515	0.326000	0.300055	
832	0.274038	168	0.422619	1.997076	832	0.274038	0.299000	0.300053	
851	0.242068	149	0.476510	1.997076	851	0.242068	0.277000	0.300012	
834	0.280576	166	0.554217	1.997076	834	0.280576	0.326000	0.300059	
828	0.254831	172	0.436047	1.997076	828	0.254831	0.286000	0.300033	
852	0.268779	148	0.378378	1.997076	852	0.268779	0.285000	0.300007	
829	0.238842	171	0.461988	1.997076	829	0.238842	0.277000	0.299966	
825	0.259394	175	0.520000	1.997076	825	0.259394	0.305000	0.299975	
820	0.286585	180	0.411111	1.997076	820	0.286585	0.309000	0.299991	
824	0.246359	176	0.585227	1.997076	824	0.246359	0.306000	0.300001	
841	0.279429	159	0.471698	1.997076	841	0.279429	0.310000	0.300019	
827	0.272068	173	0.526012	1.997076	827	0.272068	0.316000	0.300047	
827	0.273277	173	0.520231	1.997076	827	0.273277	0.316000	0.300075	
833	0.273709	167	0.317365	1.997076	833	0.273709	0.281000	0.300042	
817	0.288862	183	0.513661	1.997076	817	0.288862	0.330000	0.300094	
824	0.258495	176	0.375000	1.997076	824	0.258495	0.279000	0.300057	
800	0.267500	200	0.485000	1.997076	800	0.267500	0.311000	0.300077	
818	0.261614	182	0.549451	1.997076	818	0.261614	0.314000	0.300101	
848	0.253538	152	0.434211	1.997076	848	0.253538	0.281000	0.300068	
827	0.273277	173	0.491329	1.997076	827	0.273277	0.311000	0.300087	
828	0.228261	172	0.470930	1.997076	828	0.228261	0.270000	0.300034	
812	0.288177	188	0.542553	1.997076	812	0.288177	0.336000	0.300097	
839	0.262217	161	0.403727	1.997076	839	0.262217	0.285000	0.300071	
859	0.223516	141	0.602837	1.997076	859	0.223516	0.277000	0.300031	
820	0.262195	180	0.466667	1.997076	820	0.262195	0.299000	0.300029	
811	0.276202	189	0.470899	1.997076	811	0.276202	0.313000	0.300051	
843	0.303677	157	0.439490	1.997076	843	0.303677	0.325000	0.300094	
830	0.237349	170	0.576471	1.997076	830	0.237349	0.295000	0.300085	
829	0.260555	171	0.491228	1.997076	829	0.260555	0.300000	0.300085	
839	0.289631	161	0.434783	1.997076	839	0.289631	0.313000	0.300107	
827	0.262394	173	0.520231	1.997076	827	0.262394	0.307000	0.300119	
804	0.216418	196	0.561224	1.997076	804	0.216418	0.284000	0.300092	
826	0.262712	174	0.413793	1.997076	826	0.262712	0.289000	0.300073	
830	0.308434	170	0.447059	1.997076	830	0.308434	0.332000	0.300127	
828	0.245169	172	0.529070	1.997076	828	0.245169	0.294000	0.300117	
820	0.258537	180	0.505556	1.997076	820	0.258537	0.303000	0.300122	
823	0.258809	177	0.463277	1.997076	823	0.258809	0.295000	0.300113	
809	0.270705	191	0.471204	1.997076	809	0.270705	0.309000	0.300128	
833	0.244898	167	0.389222	1.997076	833	0.244898	0.269000	0.300075	
805	0.280745	195	0.466667	1.997076	805	0.280745	0.317000	0.300104	
848	0.255896	152	0.473684	1.997076	848	0.255896	0.289000	0.300085	
824	0.254854	176	0.363636	1.997076	824	0.254854	0.274000	0.300041	
837	0.265233	163	0.484663	1.997076	837	0.265233	0.301000	0.300043	
824	0.268204	176	0.454545	1.997076	824	0.268204	0.301000	0.300045	
804	0.268657	196	0.438776	1.997076	804	0.268657	0.302000	0.300048	
825	0.264242	175	0.428571	1.997076	825	0.264242	0.293000	0.300036	
797	0.253450	203	0.408867	1.997076	797	0.253450	0.285000	0.300011	
833	0.261705	167	0.497006	1.997076	833	0.261705	0.301000	0.300013	
837	0.260454	163	0.453988	1.997076	837	0.260454	0.292000	0.300000	
819	0.286935	181	0.447514	1.997076	819	0.286935	0.316000	0.300026	
831	0.285199	169	0.420118	1.997076	831	0.285199	0.308000	0.300039	
812	0.246305	188	0.382979	1.997076	812	0.246305	0.272000	0.299993	
837	0.261649	163	0.429448	1.997076	837	0.261649	0.289000	0.299975	
823	0.279465	177	0.497175	1.997076	823	0.279465	0.318000	0.300004	
838	0.275656	162	0.481481	1.997076	838	0.275656	0.309000	0.300019	
818	0.282396	182	0.439560	1.997076	818	0.282396	0.311000	0.300037	
843	0.274021	157	0.445860	1.997076	843	0.274021	0.301000	0.300039	
825	0.260606	175	0.457143	1.997076	825	0.260606	0.295000	0.300031	
820	0.248780	180	0.394444	1.997076	820	0.248780	0.275000	0.299990	
856	0.269860	144	0.451389	1.997076	856	0.269860	0.296000	0.299983	
827	0.251511	173	0.549133	1.997076	827	0.251511	0.303000	0.299988	
843	0.225386	157	0.560510	1.997076	843	0.225386	0.278000	0.299952	
818	0.262836	182	0.434066	1.997076	818	0.262836	0.294000	0.299943	
836	0.246411	164	0.524390	1.997076	836	0.246411	0.292000	0.299930	
818	0.303178	182	0.571429	1.997076	818	0.303178	0.352000	0.300014	
812	0.266010	188	0.531915	1.997076	812	0.266010	0.316000	0.300040	
847	0.258560	153	0.457516	1.997076	847	0.258560	0.289000	0.300022	
811	0.237978	189	0.486772	1.997076	811	0.237978	0.285000	0.299998	
839	0.275328	161	0.378882	1.997076	839	0.275328	0.292000	0.299985	
814	0.244472	186	0.489247	1.997076	814	0.244472	0.290000	0.299969	
842	0.257720	158	0.493671	1.997076	842	0.257720	0.295000	0.299961	
824	0.248786	176	0.465909	1.997076	824	0.248786	0.287000	0.299940	
830	0.225301	170	0.482353	1.997076	830	0.225301	0.269000	0.299891	
841	0.269917	159	0.503145	1.997076	841	0.269917	0.307000	0.299902	
836	0.270335	164	0.481707	1.997076	836	0.270335	0.305000	0.299910	
820	0.274390	180	0.372222	1.997076	820	0.274390	0.292000	0.299898	
812	0.248768	188	0.430851	1.997076	812	0.248768	0.283000	0.299871	
817	0.217870	183	0.584699	1.997076	817	0.217870	0.285000	0.299848	
843	0.265718	157	0.452229	1.997076	843	0.265718	0.295000	0.299840	
797	0.262233	203	0.522167	1.997076	797	0.262233	0.315000	0.299864	
823	0.275820	177	0.548023	1.997076	823	0.275820	0.324000	0.299902	
824	0.298544	176	0.494318	1.997076	824	0.298544	0.333000	0.299954	
823	0.275820	177	0.485876	1.997076	823	0.275820	0.313000	0.299974	
838	0.227924	162	0.351852	1.997076	838	0.227924	0.248000	0.299893	
830	0.246988	170	0.452941	1.997076	830	0.246988	0.282000	0.299865	
841	0.253270	159	0.358491	1.997076	841	0.253270	0.270000	0.299818	
818	0.270171	182	0.445055	1.997076	818	0.270171	0.302000	0.299822	
804	0.236318	196	0.540816	1.997076	804	0.236318	0.296000	0.299816	
814	0.254300	186	0.430108	1.997076	814	0.254300	0.287000	0.299796	
828	0.237923	172	0.500000	1.997076	828	0.237923	0.283000	0.299770	
841	0.269917	159	0.433962	1.997076	841	0.269917	0.296000	0.299764	
840	0.258333	160	0.500000	1.997076	840	0.258333	0.297000	0.299760	
817	0.285190	183	0.491803	1.997076	817	0.285190	0.323000	0.299796	
805	0.242236	195	0.507692	1.997076	805	0.242236	0.294000	0.299787	
814	0.278870	186	0.489247	1.997076	814	0.278870	0.318000	0.299815	
829	0.232811	171	0.561404	1.997076	829	0.232811	0.289000	0.299798	
838	0.235084	162	0.444444	1.997076	838	0.235084	0.269000	0.299751	
818	0.233496	182	0.505495	1.997076	818	0.233496	0.283000	0.299725	
821	0.244823	179	0.480447	1.997076	821	0.244823	0.287000	0.299706	
827	0.250302	173	0.578035	1.997076	827	0.250302	0.307000	0.299717	
808	0.241337	192	0.520833	1.997076	808	0.241337	0.295000	0.299709	
834	0.209832	166	0.518072	1.997076	834	0.209832	0.261000	0.299650	
815	0.271166	185	0.470270	1.997076	815	0.271166	0.308000	0.299663	
824	0.282767	176	0.437500	1.997076	824	0.282767	0.310000	0.299679	
817	0.283966	183	0.453552	1.997076	817	0.283966	0.315000	0.299702	
830	0.291566	170	0.376471	1.997076	830	0.291566	0.306000	0.299712	
824	0.229369	176	0.505682	1.997076	824	0.229369	0.278000	0.299679	
818	0.227384	182	0.450549	1.997076	818	0.227384	0.268000	0.299631	
824	0.265777	176	0.431818	1.997076	824	0.265777	0.295000	0.299624	
815	0.225767	185	0.508108	1.997076	815	0.225767	0.278000	0.299591	
830	0.254217	170	0.570588	1.997076	830	0.254217	0.308000	0.299604	
842	0.273159	158	0.474684	1.997076	842	0.273159	0.305000	0.299612	
848	0.301887	152	0.460526	1.997076	848	0.301887	0.326000	0.299652	
823	0.269745	177	0.451977	1.997076	823	0.269745	0.302000	0.299655	
826	0.231235	174	0.471264	1.997076	826	0.231235	0.273000	0.299615	
810	0.275309	190	0.447368	1.997076	810	0.275309	0.308000	0.299628	
793	0.298865	207	0.497585	1.997076	793	0.298865	0.340000	0.299688	
813	0.268143	187	0.401070	1.997076	813	0.268143	0.293000	0.299678	
835	0.283832	165	0.466667	1.997076	835	0.283832	0.314000	0.299699	
843	0.251483	157	0.490446	1.997076	843	0.251483	0.289000	0.299684	
799	0.249061	201	0.477612	1.997076	799	0.249061	0.295000	0.299677	
835	0.244311	165	0.472727	1.997076	835	0.244311	0.282000	0.299650	
837	0.241338	163	0.552147	1.997076	837	0.241338	0.292000	0.299639	
830	0.256627	170	0.500000	1.997076	830	0.256627	0.298000	0.299637	
825	0.281212	175	0.537143	1.997076	825	0.281212	0.326000	0.299676	
799	0.267835	201	0.407960	1.997076	799	0.267835	0.296000	0.299670	
850	0.257647	150	0.520000	1.997076	850	0.257647	0.297000	0.299666	
844	0.248815	156	0.487179	1.997076	844	0.248815	0.286000	0.299646	
852	0.284038	148	0.439189	1.997076	852	0.284038	0.307000	0.299657	
832	0.288462	168	0.529762	1.997076	832	0.288462	0.329000	0.299700	
835	0.244311	165	0.406061	1.997076	835	0.244311	0.271000	0.299658	
834	0.260192	166	0.463855	1.997076	834	0.260192	0.294000	0.299650	
828	0.250000	172	0.540698	1.997076	828	0.250000	0.300000	0.299650	
822	0.254258	178	0.550562	1.997076	822	0.254258	0.307000	0.299661	
827	0.235792	173	0.508671	1.997076	827	0.235792	0.283000	0.299637	
828	0.259662	172	0.348837	1.997076	828	0.259662	0.275000	0.299601	
832	0.266827	168	0.577381	1.997076	832	0.266827	0.319000	0.299629	
828	0.260870	172	0.401163	1.997076	828	0.260870	0.285000	0.299608	
826	0.286925	174	0.528736	1.997076	826	0.286925	0.329000	0.299650	
816	0.267157	184	0.478261	1.997076	816	0.267157	0.306000	0.299660	
820	0.260976	180	0.494444	1.997076	820	0.260976	0.303000	0.299664	
829	0.227986	171	0.456140	1.997076	829	0.227986	0.267000	0.299617	
811	0.256473	189	0.423280	1.997076	811	0.256473	0.288000	0.299601	
802	0.245636	198	0.520202	1.997076	802	0.245636	0.300000	0.299601	
818	0.253056	182	0.538462	1.997076	818	0.253056	0.305000	0.299609	
805	0.249689	195	0.461538	1.997076	805	0.249689	0.291000	0.299597	
835	0.261078	165	0.430303	1.997076	835	0.261078	0.289000	0.299582	
829	0.285887	171	0.426901	1.997076	829	0.285887	0.310000	0.299596	
841	0.259215	159	0.547170	1.997076	841	0.259215	0.305000	0.299604	
803	0.285181	197	0.309645	1.997076	803	0.285181	0.290000	0.299590	
812	0.277094	188	0.462766	1.997076	812	0.277094	0.312000	0.299608	
814	0.286241	186	0.392473	1.997076	814	0.286241	0.306000	0.299617	
825	0.258182	175	0.394286	1.997076	825	0.258182	0.282000	0.299592	
809	0.231150	191	0.376963	1.997076	809	0.231150	0.259000	0.299535	
837	0.267622	163	0.552147	1.997076	837	0.267622	0.314000	0.299555	
834	0.268585	166	0.445783	1.997076	834	0.268585	0.298000	0.299553	
832	0.286058	168	0.529762	1.997076	832	0.286058	0.327000	0.299592	
803	0.239103	197	0.492386	1.997076	803	0.239103	0.289000	0.299577	
829	0.252111	171	0.608187	1.997076	829	0.252111	0.313000	0.299596	
831	0.263538	169	0.585799	1.997076	831	0.263538	0.318000	0.299621	
811	0.282367	189	0.544974	1.997076	811	0.282367	0.332000	0.299667	
833	0.280912	167	0.431138	1.997076	833	0.280912	0.306000	0.299676	
843	0.276394	157	0.496815	1.997076	843	0.276394	0.311000	0.299691	
802	0.248130	198	0.595960	1.997076	802	0.248130	0.317000	0.299715	
828	0.268116	172	0.627907	1.997076	828	0.268116	0.330000	0.299758	
819	0.238095	181	0.464088	1.997076	819	0.238095	0.279000	0.299729	
820	0.253659	180	0.583333	1.997076	820	0.253659	0.313000	0.299747	
837	0.273596	163	0.509202	1.997076	837	0.273596	0.312000	0.299764	
838	0.281623	162	0.555556	1.997076	838	0.281623	0.326000	0.299800	
830	0.279518	170	0.417647	1.997076	830	0.279518	0.303000	0.299805	
833	0.237695	167	0.526946	1.997076	833	0.237695	0.286000	0.299786	
821	0.261876	179	0.597765	1.997076	821	0.261876	0.322000	0.299816	
849	0.280330	151	0.410596	1.997076	849	0.280330	0.300000	0.299817	
826	0.253027	174	0.494253	1.997076	826	0.253027	0.295000	0.299810	
828	0.263285	172	0.453488	1.997076	828	0.263285	0.296000	0.299805	
836	0.223684	164	0.487805	1.997076	836	0.223684	0.267000	0.299760	
829	0.273824	171	0.467836	1.997076	829	0.273824	0.307000	0.299770	
845	0.257988	155	0.451613	1.997076	845	0.257988	0.288000	0.299754	
854	0.271663	146	0.445205	1.997076	854	0.271663	0.297000	0.299750	
833	0.235294	167	0.449102	1.997076	833	0.235294	0.271000	0.299711	
836	0.254785	164	0.451220	1.997076	836	0.254785	0.287000	0.299693	
822	0.283455	178	0.466292	1.997076	822	0.283455	0.316000	0.299716	
823	0.277035	177	0.440678	1.997076	823	0.277035	0.306000	0.299724	
823	0.255164	177	0.474576	1.997076	823	0.255164	0.294000	0.299716	
833	0.276110	167	0.449102	1.997076	833	0.276110	0.305000	0.299724	
848	0.261792	152	0.394737	1.997076	848	0.261792	0.282000	0.299700	
831	0.281588	169	0.473373	1.997076	831	0.281588	0.314000	0.299719	
832	0.250000	168	0.482143	1.997076	832	0.250000	0.289000	0.299704	
822	0.262774	178	0.438202	1.997076	822	0.262774	0.294000	0.299697	
816	0.236520	184	0.538043	1.997076	816	0.236520	0.292000	0.299686	
828	0.254831	172	0.488372	1.997076	828	0.254831	0.295000	0.299680	
822	0.278589	178	0.539326	1.997076	822	0.278589	0.325000	0.299714	
808	0.245050	192	0.500000	1.997076	808	0.245050	0.294000	0.299706	
841	0.267539	159	0.490566	1.997076	841	0.267539	0.303000	0.299711	
821	0.275274	179	0.452514	1.997076	821	0.275274	0.307000	0.299721	
807	0.256506	193	0.528497	1.997076	807	0.256506	0.309000	0.299733	
810	0.275309	190	0.478947	1.997076	810	0.275309	0.314000	0.299752	
837	0.211470	163	0.441718	1.997076	837	0.211470	0.249000	0.299684	
837	0.238949	163	0.533742	1.997076	837	0.238949	0.287000	0.299668	
806	0.282878	194	0.561856	1.997076	806	0.282878	0.337000	0.299717	
820	0.202439	180	0.533333	1.997076	820	0.202439	0.262000	0.299667	
835	0.329341	165	0.424242	1.997076	835	0.329341	0.345000	0.299727	
841	0.225922	159	0.484277	1.997076	841	0.225922	0.267000	0.299684	
817	0.241126	183	0.415301	1.997076	817	0.241126	0.273000	0.299649	
818	0.271394	182	0.500000	1.997076	818	0.271394	0.313000	0.299666	
816	0.269608	184	0.364130	1.997076	816	0.269608	0.287000	0.299650	
821	0.267966	179	0.519553	1.997076	821	0.267966	0.313000	0.299667	
846	0.289598	154	0.500000	1.997076	846	0.289598	0.322000	0.299696	
830	0.245783	170	0.517647	1.997076	830	0.245783	0.292000	0.299686	
832	0.257212	168	0.446429	1.997076	832	0.257212	0.289000	0.299672	
819	0.258852	181	0.475138	1.997076	819	0.258852	0.298000	0.299670	
825	0.278788	175	0.394286	1.997076	825	0.278788	0.299000	0.299669	
828	0.211353	172	0.412791	1.997076	828	0.211353	0.246000	0.299599	
818	0.268949	182	0.593407	1.997076	818	0.268949	0.328000	0.299636	
826	0.248184	174	0.436782	1.997076	826	0.248184	0.281000	0.299612	
818	0.234719	182	0.500000	1.997076	818	0.234719	0.283000	0.299591	
793	0.239596	207	0.483092	1.997076	793	0.239596	0.290000	0.299578	
844	0.300948	156	0.358974	1.997076	844	0.300948	0.310000	0.299592	
814	0.281327	186	0.510753	1.997076	814	0.281327	0.324000	0.299623	
847	0.301063	153	0.529412	1.997076	847	0.301063	0.336000	0.299670	
834	0.258993	166	0.542169	1.997076	834	0.258993	0.306000	0.299678	
812	0.261084	188	0.393617	1.997076	812	0.261084	0.286000	0.299661	
823	0.253949	177	0.401130	1.997076	823	0.253949	0.280000	0.299635	
819	0.272283	181	0.436464	1.997076	819	0.272283	0.302000	0.299638	
820	0.248780	180	0.572222	1.997076	820	0.248780	0.307000	0.299648	
832	0.239183	168	0.434524	1.997076	832	0.239183	0.272000	0.299612	
825	0.240000	175	0.508571	1.997076	825	0.240000	0.287000	0.299596	
821	0.299635	179	0.547486	1.997076	821	0.299635	0.344000	0.299653	
824	0.258495	176	0.590909	1.997076	824	0.258495	0.317000	0.299675	
832	0.259615	168	0.380952	1.997076	832	0.259615	0.280000	0.299650	
837	0.252091	163	0.539877	1.997076	837	0.252091	0.299000	0.299649	
827	0.238210	173	0.485549	1.997076	827	0.238210	0.281000	0.299626	
849	0.273263	151	0.509934	1.997076	849	0.273263	0.309000	0.299637	
842	0.262470	158	0.518987	1.997076	842	0.262470	0.303000	0.299642	
814	0.261671	186	0.526882	1.997076	814	0.261671	0.311000	0.299656	
822	0.256691	178	0.443820	1.997076	822	0.256691	0.290000	0.299644	
834	0.282974	166	0.542169	1.997076	834	0.282974	0.326000	0.299677	
853	0.269637	147	0.496599	1.997076	853	0.269637	0.303000	0.299681	
820	0.235366	180	0.522222	1.997076	820	0.235366	0.287000	0.299665	
833	0.258103	167	0.449102	1.997076	833	0.258103	0.290000	0.299653	
822	0.285888	178	0.528090	1.997076	822	0.285888	0.329000	0.299690	
829	0.273824	171	0.421053	1.997076	829	0.273824	0.299000	0.299689	
821	0.247259	179	0.480447	1.997076	821	0.247259	0.289000	0.299676	
827	0.229746	173	0.537572	1.997076	827	0.229746	0.283000	0.299655	
817	0.291310	183	0.502732	1.997076	817	0.291310	0.330000	0.299693	
824	0.254854	176	0.573864	1.997076	824	0.254854	0.311000	0.299707	
813	0.289053	187	0.486631	1.997076	813	0.289053	0.326000	0.299740	
822	0.291971	178	0.443820	1.997076	822	0.291971	0.319000	0.299764	
832	0.262019	168	0.458333	1.997076	832	0.262019	0.295000	0.299758	
836	0.217703	164	0.597561	1.997076	836	0.217703	0.280000	0.299733	
824	0.260922	176	0.437500	1.997076	824	0.260922	0.292000	0.299724	
828	0.233092	172	0.476744	1.997076	828	0.233092	0.275000	0.299693	
836	0.235646	164	0.469512	1.997076	836	0.235646	0.274000	0.299661	
823	0.251519	177	0.570621	1.997076	823	0.251519	0.308000	0.299672	
821	0.230207	179	0.458101	1.997076	821	0.230207	0.271000	0.299636	
815	0.249080	185	0.454054	1.997076	815	0.249080	0.287000	0.299621	
810	0.266667	190	0.521053	1.997076	810	0.266667	0.315000	0.299640	
854	0.266979	146	0.465753	1.997076	854	0.266979	0.296000	0.299635	
840	0.280952	160	0.531250	1.997076	840	0.280952	0.321000	0.299661	
816	0.235294	184	0.429348	1.997076	816	0.235294	0.271000	0.299626	
832	0.247596	168	0.351190	1.997076	832	0.247596	0.265000	0.299584	
846	0.249409	154	0.590909	1.997076	846	0.249409	0.302000	0.299587	
853	0.259086	147	0.455782	1.997076	853	0.259086	0.288000	0.299572	
815	0.261350	185	0.394595	1.997076	815	0.261350	0.286000	0.299556	
808	0.243812	192	0.437500	1.997076	808	0.243812	0.281000	0.299533	
825	0.225455	175	0.451429	1.997076	825	0.225455	0.265000	0.299491	
816	0.247549	184	0.570652	1.997076	816	0.247549	0.307000	0.299500	
804	0.252488	196	0.545918	1.997076	804	0.252488	0.310000	0.299513	
831	0.265945	169	0.526627	1.997076	831	0.265945	0.310000	0.299526	
831	0.257521	169	0.443787	1.997076	831	0.257521	0.289000	0.299513	
854	0.254098	146	0.349315	1.997076	854	0.254098	0.268000	0.299475	
834	0.242206	166	0.536145	1.997076	834	0.242206	0.291000	0.299465	
826	0.240920	174	0.528736	1.997076	826	0.240920	0.291000	0.299454	
825	0.275152	175	0.400000	1.997076	825	0.275152	0.297000	0.299451	
810	0.287654	190	0.394737	1.997076	810	0.287654	0.308000	0.299462	
833	0.277311	167	0.389222	1.997076	833	0.277311	0.296000	0.299457	
822	0.233577	178	0.488764	1.997076	822	0.233577	0.279000	0.299433	
827	0.243047	173	0.398844	1.997076	827	0.243047	0.270000	0.299397	
840	0.254762	160	0.550000	1.997076	840	0.254762	0.302000	0.299401	
826	0.260291	174	0.477011	1.997076	826	0.260291	0.298000	0.299399	
827	0.252721	173	0.520231	1.997076	827	0.252721	0.299000	0.299398	
825	0.286061	175	0.428571	1.997076	825	0.286061	0.311000	0.299412	
836	0.281100	164	0.457317	1.997076	836	0.281100	0.310000	0.299425	
841	0.258026	159	0.490566	1.997076	841	0.258026	0.295000	0.299420	
846	0.255319	154	0.480519	1.997076	846	0.255319	0.290000	0.299408	
828	0.257246	172	0.459302	1.997076	828	0.257246	0.292000	0.299400	
818	0.265281	182	0.527473	1.997076	818	0.265281	0.313000	0.299416	
830	0.253012	170	0.423529	1.997076	830	0.253012	0.282000	0.299395	
829	0.254524	171	0.391813	1.997076	829	0.254524	0.278000	0.299370	
810	0.227160	190	0.505263	1.997076	810	0.227160	0.280000	0.299347	
834	0.273381	166	0.536145	1.997076	834	0.273381	0.317000	0.299368	
809	0.291718	191	0.429319	1.997076	809	0.291718	0.318000	0.299390	
844	0.240521	156	0.467949	1.997076	844	0.240521	0.276000	0.299362	
830	0.242169	170	0.529412	1.997076	830	0.242169	0.291000	0.299352	
819	0.275946	181	0.464088	1.997076	819	0.275946	0.310000	0.299365	
827	0.269649	173	0.387283	1.997076	827	0.269649	0.290000	0.299354	
842	0.241093	158	0.455696	1.997076	842	0.241093	0.275000	0.299325	
833	0.272509	167	0.437126	1.997076	833	0.272509	0.300000	0.299326	
821	0.248477	179	0.491620	1.997076	821	0.248477	0.292000	0.299317	
832	0.233173	168	0.494048	1.997076	832	0.233173	0.277000	0.299291	
841	0.252081	159	0.503145	1.997076	841	0.252081	0.292000	0.299283	
840	0.296429	160	0.568750	1.997076	840	0.296429	0.340000	0.299330	
814	0.285012	186	0.483871	1.997076	814	0.285012	0.322000	0.299357	
840	0.255952	160	0.562500	1.997076	840	0.255952	0.305000	0.299363	
827	0.288996	173	0.508671	1.997076	827	0.288996	0.327000	0.299395	
831	0.282792	169	0.514793	1.997076	831	0.282792	0.322000	0.299422	
835	0.261078	165	0.357576	1.997076	835	0.261078	0.277000	0.299396	
825	0.265455	175	0.520000	1.997076	825	0.265455	0.310000	0.299408	
841	0.231867	159	0.459119	1.997076	841	0.231867	0.268000	0.299372	
807	0.277571	193	0.481865	1.997076	807	0.277571	0.317000	0.299392	
813	0.260763	187	0.508021	1.997076	813	0.260763	0.307000	0.299401	
823	0.249089	177	0.367232	1.997076	823	0.249089	0.270000	0.299367	
825	0.260606	175	0.445714	1.997076	825	0.260606	0.293000	0.299360	
832	0.299279	168	0.446429	1.997076	832	0.299279	0.324000	0.299388	
832	0.268029	168	0.446429	1.997076	832	0.268029	0.298000	0.299386	
833	0.283313	167	0.431138	1.997076	833	0.283313	0.308000	0.299396	
818	0.231051	182	0.307692	1.997076	818	0.231051	0.245000	0.299334	
815	0.283436	185	0.518919	1.997076	815	0.283436	0.327000	0.299365	
829	0.250905	171	0.502924	1.997076	829	0.250905	0.294000	0.299359	
823	0.241798	177	0.587571	1.997076	823	0.241798	0.303000	0.299364	
827	0.247884	173	0.549133	1.997076	827	0.247884	0.300000	0.299364	
819	0.268620	181	0.513812	1.997076	819	0.268620	0.313000	0.299380	
820	0.253659	180	0.494444	1.997076	820	0.253659	0.297000	0.299377	
846	0.244681	154	0.337662	1.997076	846	0.244681	0.259000	0.299331	
837	0.254480	163	0.472393	1.997076	837	0.254480	0.290000	0.299320	
818	0.249389	182	0.412088	1.997076	818	0.249389	0.279000	0.299297	
813	0.300123	187	0.438503	1.997076	813	0.300123	0.326000	0.299328	
824	0.330097	176	0.471591	1.997076	824	0.330097	0.355000	0.299391	
824	0.246359	176	0.443182	1.997076	824	0.246359	0.281000	0.299370	
818	0.275061	182	0.500000	1.997076	818	0.275061	0.316000	0.299389	
823	0.245443	177	0.435028	1.997076	823	0.245443	0.279000	0.299366	
825	0.269091	175	0.428571	1.997076	825	0.269091	0.297000	0.299363	
838	0.274463	162	0.419753	1.997076	838	0.274463	0.298000	0.299362	
838	0.275656	162	0.493827	1.997076	838	0.275656	0.311000	0.299375	
845	0.244970	155	0.503226	1.997076	845	0.244970	0.285000	0.299358	
804	0.273632	196	0.454082	1.997076	804	0.273632	0.309000	0.299369	
849	0.255595	151	0.562914	1.997076	849	0.255595	0.302000	0.299372	
816	0.265931	184	0.478261	1.997076	816	0.265931	0.305000	0.299379	
815	0.283436	185	0.513514	1.997076	815	0.283436	0.326000	0.299408	
837	0.234170	163	0.417178	1.997076	837	0.234170	0.264000	0.299369	
817	0.270502	183	0.404372	1.997076	817	0.270502	0.295000	0.299364	
816	0.321078	184	0.559783	1.997076	816	0.321078	0.365000	0.299437	
828	0.275362	172	0.598837	1.997076	828	0.275362	0.331000	0.299472	
834	0.269784	166	0.524096	1.997076	834	0.269784	0.312000	0.299486	
822	0.327251	178	0.516854	1.997076	822	0.327251	0.361000	0.299555	
835	0.263473	165	0.436364	1.997076	835	0.263473	0.292000	0.299546	
825	0.270303	175	0.537143	1.997076	825	0.270303	0.317000	0.299566	
802	0.221945	198	0.535354	1.997076	802	0.221945	0.284000	0.299548	
822	0.249392	178	0.432584	1.997076	822	0.249392	0.282000	0.299529	
809	0.234858	191	0.502618	1.997076	809	0.234858	0.286000	0.299514	
808	0.259901	192	0.531250	1.997076	808	0.259901	0.312000	0.299528	
831	0.275572	169	0.591716	1.997076	831	0.275572	0.329000	0.299560	
813	0.280443	187	0.572193	1.997076	813	0.280443	0.335000	0.299599	
849	0.268551	151	0.490066	1.997076	849	0.268551	0.302000	0.299602	
811	0.244143	189	0.534392	1.997076	811	0.244143	0.299000	0.299601	
816	0.272059	184	0.521739	1.997076	816	0.272059	0.318000	0.299622	
813	0.248462	187	0.518717	1.997076	813	0.248462	0.299000	0.299621	
841	0.240190	159	0.415094	1.997076	841	0.240190	0.268000	0.299586	
854	0.261124	146	0.458904	1.997076	854	0.261124	0.290000	0.299576	
810	0.272840	190	0.547368	1.997076	810	0.272840	0.325000	0.299604	
848	0.265330	152	0.447368	1.997076	848	0.265330	0.293000	0.299596	
829	0.277443	171	0.532164	1.997076	829	0.277443	0.321000	0.299620	
826	0.254237	174	0.517241	1.997076	826	0.254237	0.300000	0.299620	
828	0.248792	172	0.505814	1.997076	828	0.248792	0.293000	0.299613	
823	0.274605	177	0.525424	1.997076	823	0.274605	0.319000	0.299634	
827	0.266022	173	0.468208	1.997076	827	0.266022	0.301000	0.299636	
828	0.248792	172	0.430233	1.997076	828	0.248792	0.280000	0.299614	
800	0.251250	200	0.475000	1.997076	800	0.251250	0.296000	0.299610	
843	0.264531	157	0.573248	1.997076	843	0.264531	0.313000	0.299625	
828	0.268116	172	0.529070	1.997076	828	0.268116	0.313000	0.299639	
815	0.271166	185	0.551351	1.997076	815	0.271166	0.323000	0.299665	
852	0.278169	148	0.506757	1.997076	852	0.278169	0.312000	0.299678	
836	0.254785	164	0.518293	1.997076	836	0.254785	0.298000	0.299676	
830	0.248193	170	0.529412	1.997076	830	0.248193	0.296000	0.299672	
825	0.259394	175	0.617143	1.997076	825	0.259394	0.322000	0.299696	
828	0.221014	172	0.436047	1.997076	828	0.221014	0.258000	0.299651	
823	0.235723	177	0.491525	1.997076	823	0.235723	0.281000	0.299631	
827	0.241838	173	0.618497	1.997076	827	0.241838	0.307000	0.299639	
822	0.290754	178	0.556180	1.997076	822	0.290754	0.338000	0.299680	
814	0.292383	186	0.397849	1.997076	814	0.292383	0.312000	0.299693	
835	0.257485	165	0.557576	1.997076	835	0.257485	0.307000	0.299701	
819	0.222222	181	0.480663	1.997076	819	0.222222	0.269000	0.299668	
818	0.249389	182	0.516484	1.997076	818	0.249389	0.298000	0.299667	
817	0.241126	183	0.540984	1.997076	817	0.241126	0.296000	0.299663	
827	0.292624	173	0.364162	1.997076	827	0.292624	0.305000	0.299668	
835	0.257485	165	0.539394	1.997076	835	0.257485	0.304000	0.299673	
814	0.275184	186	0.473118	1.997076	814	0.275184	0.312000	0.299686	
830	0.246988	170	0.458824	1.997076	830	0.246988	0.283000	0.299668	
846	0.271868	154	0.461039	1.997076	846	0.271868	0.301000	0.299670	
821	0.239951	179	0.558659	1.997076	821	0.239951	0.297000	0.299667	
834	0.251799	166	0.457831	1.997076	834	0.251799	0.286000	0.299653	
817	0.250918	183	0.464481	1.997076	817	0.250918	0.290000	0.299642	
837	0.283154	163	0.576687	1.997076	837	0.283154	0.331000	0.299676	
825	0.242424	175	0.451429	1.997076	825	0.242424	0.279000	0.299654	
812	0.306650	188	0.510638	1.997076	812	0.306650	0.345000	0.299701	
830	0.267470	170	0.523529	1.997076	830	0.267470	0.311000	0.299713	
827	0.239420	173	0.462428	1.997076	827	0.239420	0.278000	0.299691	
831	0.235860	169	0.502959	1.997076	831	0.235860	0.281000	0.299671	
851	0.229142	149	0.496644	1.997076	851	0.229142	0.269000	0.299639	
828	0.251208	172	0.587209	1.997076	828	0.251208	0.309000	0.299649	
833	0.274910	167	0.425150	1.997076	833	0.274910	0.300000	0.299649	
816	0.289216	184	0.554348	1.997076	816	0.289216	0.338000	0.299689	
830	0.251807	170	0.511765	1.997076	830	0.251807	0.296000	0.299685	
823	0.302552	177	0.372881	1.997076	823	0.302552	0.315000	0.299701	
819	0.310134	181	0.519337	1.997076	819	0.310134	0.348000	0.299752	
827	0.272068	173	0.485549	1.997076	827	0.272068	0.309000	0.299761	
811	0.268804	189	0.375661	1.997076	811	0.268804	0.289000	0.299750	
807	0.256506	193	0.590674	1.997076	807	0.256506	0.321000	0.299772	
835	0.257485	165	0.503030	1.997076	835	0.257485	0.298000	0.299770	
837	0.261649	163	0.306748	1.997076	837	0.261649	0.269000	0.299738	
843	0.287070	157	0.484076	1.997076	843	0.287070	0.318000	0.299757	
834	0.273381	166	0.397590	1.997076	834	0.273381	0.294000	0.299751	
824	0.264563	176	0.494318	1.997076	824	0.264563	0.305000	0.299757	
814	0.289926	186	0.451613	1.997076	814	0.289926	0.320000	0.299778	
833	0.230492	167	0.497006	1.997076	833	0.230492	0.275000	0.299752	
838	0.264916	162	0.561728	1.997076	838	0.264916	0.313000	0.299766	
824	0.246359	176	0.500000	1.997076	824	0.246359	0.291000	0.299757	
850	0.241176	150	0.320000	1.997076	850	0.241176	0.253000	0.299709	
835	0.283832	165	0.539394	1.997076	835	0.283832	0.326000	0.299736	
824	0.256068	176	0.562500	1.997076	824	0.256068	0.310000	0.299746	
822	0.249392	178	0.365169	1.997076	822	0.249392	0.270000	0.299716	
844	0.228673	156	0.519231	1.997076	844	0.228673	0.274000	0.299689	
834	0.264988	166	0.506024	1.997076	834	0.264988	0.305000	0.299695	
823	0.257594	177	0.429379	1.997076	823	0.257594	0.288000	0.299683	
829	0.252111	171	0.555556	1.997076	829	0.252111	0.304000	0.299687	
819	0.246642	181	0.375691	1.997076	819	0.246642	0.270000	0.299657	
827	0.290206	173	0.479769	1.997076	827	0.290206	0.323000	0.299681	
815	0.258896	185	0.508108	1.997076	815	0.258896	0.305000	0.299686	
809	0.248455	191	0.397906	1.997076	809	0.248455	0.277000	0.299663	
821	0.250914	179	0.519553	1.997076	821	0.250914	0.299000	0.299662	
814	0.238329	186	0.494624	1.997076	814	0.238329	0.286000	0.299648	
828	0.248792	172	0.470930	1.997076	828	0.248792	0.287000	0.299636	
838	0.233890	162	0.549383	1.997076	838	0.233890	0.285000	0.299621	
826	0.266344	174	0.459770	1.997076	826	0.266344	0.300000	0.299621	
834	0.274580	166	0.439759	1.997076	834	0.274580	0.302000	0.299624	
824	0.271845	176	0.380682	1.997076	824	0.271845	0.291000	0.299615	
833	0.242497	167	0.419162	1.997076	833	0.242497	0.272000	0.299587	
819	0.250305	181	0.453039	1.997076	819	0.250305	0.287000	0.299574	
835	0.244311	165	0.448485	1.997076	835	0.244311	0.278000	0.299553	
829	0.250905	171	0.520468	1.997076	829	0.250905	0.297000	0.299550	
839	0.269368	161	0.465839	1.997076	839	0.269368	0.301000	0.299551	
847	0.232586	153	0.522876	1.997076	847	0.232586	0.277000	0.299529	
854	0.272834	146	0.369863	1.997076	854	0.272834	0.287000	0.299516	
806	0.291563	194	0.438144	1.997076	806	0.291563	0.320000	0.299537	
820	0.256098	180	0.472222	1.997076	820	0.256098	0.295000	0.299532	
849	0.229682	151	0.523179	1.997076	849	0.229682	0.274000	0.299507	
844	0.263033	156	0.525641	1.997076	844	0.263033	0.304000	0.299511	
820	0.229268	180	0.522222	1.997076	820	0.229268	0.282000	0.299494	
818	0.255501	182	0.549451	1.997076	818	0.255501	0.309000	0.299503	
819	0.228327	181	0.436464	1.997076	819	0.228327	0.266000	0.299470	
836	0.250000	164	0.439024	1.997076	836	0.250000	0.281000	0.299451	
827	0.275695	173	0.520231	1.997076	827	0.275695	0.318000	0.299470	
835	0.275449	165	0.496970	1.997076	835	0.275449	0.312000	0.299482	
815	0.276074	185	0.410811	1.997076	815	0.276074	0.301000	0.299484	
830	0.280723	170	0.447059	1.997076	830	0.280723	0.309000	0.299493	
833	0.200480	167	0.497006	1.997076	833	0.200480	0.250000	0.299444	
